3905
4363
1019
1169
3484
2544
1575
956
2380
3537
3066
1630
3457
884
1571
3123
190
2642
3908
516
3181
3531
2193
2042
4740
4345
3182
3755
4468
800
1018
2697
4297
2932
228
2504
3983
4835
3229
3915
1064
4676
2911
3652
745
2105
1329
2279
3089
3780
4161
3952
2748
2293
1167
3285
3832
3353
625
100
200
3896
3016
2260
3803
3643
3033
2127
1056
1731
971
1038
407
2245
4212
1396
3761
626
4061
250
3358
182
4653
4279
1063
367
2178
4744
1596
4830
3846
3291
4125
2012
1867
4502
716
3579
4402
431
390
993
1215
1993
836
3720
3050
1082
1734
1800
1588
1548
2815
1322
1111
3794
4313
1163
1083
2426
1535
2622
4814
2217
4412
349
1141
2347
1440
4126
3922
3666
3477
3251
4906
3671
2444
2296
3907
1244
3318
3644
4327
3615
4092
2515
4146
3239
1658
1597
1363
946
428
3163
1097
4942
2485
3509
1399
4748
2440
1706
4649
2149
1473
3395
4266
1767
4059
1123
2802
4777
1392
944
827
525
3058
2677
2517
2862
3685
3840
1312
2941
4834
2130
2376
4340
3411
4028
1585
2297
4369
2384
3447
2362
1553
3262
2574
4700
3664
1906
934
1166
2689
3242
4635
114
3503
3384
275
2462
4991
4763
839
1087
2828
2661
3831
2163
1208
831
234
3566
4016
207
7
4513
3391
3247
3969
3343
3007
1878
2548
1012
2453
4203
2460
3859
1680
1627
270
2516
1400
1921
4387
4375
2820
2608
4165
3763
430
353
1283
3833
2137
2958
4892
1792
945
3190
4644
4969
2414
4637
345
1649
1579
4796
1091
4578
1919
3875
2771
247
42
2832
2793
1028
1933
4791
4736
3654
3861
4837
3718
2902
1804
396
3988
3116
1930
4267
4252
9
1968
2304
3971
3193
3914
4879
1589
2705
2998
4242
3847
2659
3175
2704
2775
3172
4041
4295
3120
670
3965
816
1131
3371
496
1846
3474
1663
3237
2614
4098
2261
4173
1420
4524
4709
3235
4067
2339
4315
999
4663
1651
3758
2988
3506
400
481
1912
4040
4949
1924
2635
4858
249
2391
3081
3631
4839
1426
178
2507
2913
3101
579
4052
936
2756
11
586
2789
1267
2309
3716
1972
787
2078
4530
2939
1770
2100
2498
3445
186
3327
2395
1242
693
4575
1160
1020
2732
3886
1803
4226
2953
3851
1679
1677
766
1909
2071
4774
1024
1184
4344
2508
227
3738
3435
2103
607
4013
620
593
4889
3561
2593
3434
2063
4024
3904
2719
4684
181
3287
526
36
1443
2569
1251
3339
4459
3415
1266
1920
4504
1429
2024
4650
3689
1889
3767
2030
1813
2825
418
4455
1842
4491
2699
960
3806
554
3364
4105
3895
1880
10
2672
1686
3095
4278
826
2969
2996
653
4307
3713
1863
2884
4445
1080
3417
3591
2050
1606
1708
521
3809
4826
3521
3398
2487
662
474
2397
4077
2026
1150
1922
3945
1704
4688
2067
2470
4734
120
2972
2710
3472
4451
2439
3292
3438
1101
733
2295
2550
1665
185
2467
2979
3403
2605
3068
1539
1957
461
1288
888
1634
3436
4129
3460
4890
786
2416
3149
3428
449
4348
4004
3546
907
413
4356
1725
3177
4610
995
4361
3555
1366
2365
685
2370
823
1599
1549
4407
201
4130
1703
2463
744
4806
562
4275
947
122
3194
48
757
3069
1882
510
1807
1490
2227
2872
2005
2521
783
2739
1206
3155
952
4038
4953
1482
2087
4079
3849
1115
1098
257
1570
3392
997
3084
901
2372
3947
358
4739
3049
3151
631
2578
15
4548
3982
1302
416
4749
704
324
3372
2231
4392
3608
698
2855
1915
3749
638
686
258
3086
1188
1373
104
183
3696
2169
2356
1858
4677
3135
3153
2788
2882
870
4935
2591
1812
447
4044
1464
1203
1391
3822
2628
1260
2982
665
3295
4208
2681
4237
990
4532
2195
957
4235
1504
692
640
4362
1531
3490
4772
2043
436
1716
1790
2841
3536
2495
584
417
1293
3197
2518
4169
4870
2563
4692
4148
1424
3868
1684
2484
3954
4106
137
1763
2842
3699
1193
543
3451
1225
71
3610
1721
3692
1512
1855
3267
1973
1336
645
4561
1239
2596
45
4072
1053
4300
2529
1460
1431
2154
4438
4149
3845
1268
1422
3347
571
3269
4322
1534
982
336
289
1671
4522
4799
1057
630
4068
1988
4403
3547
3164
969
1577
3057
318
3986
2873
921
2887
2025
1983
1407
89
752
3042
4133
2886
3246
1820
2159
1814
3884
4221
113
3714
1017
3218
4529
3102
1831
3004
4887
1890
101
2094
2743
2062
3421
4097
204
1778
1644
3297
687
2936
4963
4277
731
1253
729
1259
2445
3439
3705
465
3400
1126
1030
263
1377
3130
1026
129
3712
3734
1943
3762
1887
156
4726
3468
4381
2290
105
4808
533
2119
4980
4686
1119
4085
505
3208
2740
1660
718
1177
3012
2140
3413
4614
3425
576
168
1676
2058
927
4983
374
2406
4984
3336
4999
2364
4590
2335
3073
4981
1631
3529
4695
2671
4523
4603
3023
4157
4725
4576
4825
1488
854
4824
2128
2199
458
4094
4572
3812
280
2745
3727
4486
4633
529
1014
2948
4142
2015
4359
1877
4205
4477
3834
1987
124
1182
3006
4394
2224
2843
1003
4268
3257
868
633
264
1954
296
2835
125
2166
928
2271
435
4396
4972
1046
2388
577
793
4888
4506
4788
320
2899
524
727
885
492
779
3538
3245
2382
4415
3621
1001
1459
591
4064
4712
1270
2758
3975
66
1467
981
3422
4767
2860
3592
4941
4031
4616
666
4605
1050
2851
4852
2629
1146
3230
4335
2676
3980
443
3542
621
937
422
426
4229
2314
1816
213
4265
2759
2000
3798
3473
3453
4882
855
2981
833
2674
4406
2935
4597
2519
4546
126
4562
3609
1343
414
4241
3588
3363
4461
1185
4388
3215
535
2132
1670
4063
2768
1403
2694
980
2912
3221
3183
3858
4754
3855
1546
2595
1811
3694
983
3513
53
2645
4985
4536
2494
304
8
650
1673
3867
1148
3156
2956
1356
3898
602
33
2401
4285
3704
4261
2621
2225
2937
2655
3584
4334
2383
1303
4456
2892
109
4131
544
1824
1501
864
331
4128
1276
365
1380
4620
3650
2104
1840
3816
4747
4552
2986
3003
4230
2868
2933
4793
4976
539
136
1051
3601
3373
751
2924
2604
255
3990
3144
3192
153
3548
483
3044
1104
2148
3085
3628
2610
1133
528
2876
4325
2090
711
2722
2428
1918
161
4520
2980
475
2321
2786
2431
2822
16
4138
4790
2770
2613
301
490
4182
1027
341
1491
1427
2215
1583
1947
4293
3910
1540
2831
3140
523
1317
406
2489
1383
3891
2917
754
808
3777
2562
1494
427
3323
2096
1857
2791
1075
1469
3924
1769
558
977
3180
1274
1594
3046
4314
3582
3998
784
1258
2620
959
4220
2459
1544
3931
3077
1368
1780
39
330
3888
218
1690
1573
3514
647
3226
3600
3423
3567
3575
767
3741
4095
1454
1625
3410
551
4869
918
4662
1950
2679
2014
1643
4708
28
4154
1636
4577
17
880
2511
3732
3534
3645
3301
4103
4821
4528
773
1453
4263
4665
2235
3088
3427
2007
3972
3900
2075
3051
1806
1966
3094
2264
765
1008
4569
1755
2241
30
2525
3495
3564
1823
3752
3929
3302
2929
1246
3259
1913
890
1574
1412
4481
2358
789
4102
1709
3103
2627
1938
451
4413
1252
4141
3099
2879
3507
4971
3131
1096
1528
1856
3355
337
590
1669
4358
2308
493
3260
2877
4227
1186
4110
437
56
2870
585
4901
4341
1562
2863
1
142
2904
4514
961
788
3624
2237
2971
1879
2054
3670
3048
3352
144
3557
669
1615
1608
1565
763
2991
3174
4710
4428
495
3901
2041
1886
4917
2510
2737
4913
385
2477
2784
3742
3665
3015
159
2070
3200
1415
1305
271
3437
170
1272
3233
1086
791
3416
21
3433
155
4291
801
4423
4842
2292
1956
1125
2926
3113
996
4370
217
2558
2474
4894
4930
2076
3359
3454
4758
1442
4158
1969
672
2653
3133
3112
735
4798
782
143
4539
1376
485
3446
1720
2794
127
4120
415
4924
1127
1417
4339
845
202
1480
4250
1702
4199
2053
2682
1793
1189
3397
822
3078
1516
832
582
2183
4693
4473
1331
4911
4053
2001
750
2772
1241
3009
3261
2369
4005
3786
2861
3865
79
1232
1245
3921
1711
1724
4828
3589
3315
1374
4177
3070
1181
2268
3249
4139
4497
3818
4785
2491
3593
4720
4994
825
444
1974
3679
4937
1280
3850
1884
1749
1520
3622
3672
4243
1893
3082
3195
4872
2483
2523
3160
4223
4329
172
4309
561
580
2543
1100
2355
1818
2441
4678
4914
2827
3032
1801
297
1655
4587
4995
3658
3883
1556
3330
2853
4207
4554
1905
3142
967
2328
2188
147
3091
455
1137
1320
3553
2587
425
1207
3994
3903
211
2885
2599
1419
1007
3640
4166
1198
1542
4659
4183
3854
3038
2797
644
1632
3258
4332
2284
3213
133
1323
4600
4366
2068
2164
3708
4276
3370
3426
3407
1797
4946
792
450
1939
2660
4174
4735
2984
988
3030
4558
1992
361
3717
4501
3389
1591
4140
3839
4271
3040
473
1850
565
3797
1437
1926
3238
3510
1859
734
2206
2121
1319
4122
65
2238
1507
1861
3470
4827
4787
4948
3492
1345
4724
3598
1601
2960
2288
4531
3307
1566
3565
2616
4115
4051
196
1194
3396
4045
1187
4181
859
1190
3062
2176
2150
616
2352
1073
3063
1960
723
556
1678
4521
1298
4691
2496
2945
3887
3754
3585
1275
4458
2210
4084
889
759
1640
4043
1025
840
4629
2008
434
856
3611
2572
1109
4608
4189
2180
2546
2348
2691
2813
1927
4657
3535
1332
4446
188
807
4727
3349
1581
2711
4290
1937
4030
1221
2867
446
4752
1616
1009
2034
2253
69
3310
3736
4186
595
3520
4967
1681
2869
1946
4319
3753
4856
4347
1652
1306
939
549
2880
1409
3158
174
4426
3060
3462
1961
2059
1112
4537
1156
4820
3563
2386
2089
3635
2471
4476
878
3170
2568
965
2228
835
1447
4430
369
3970
737
3243
2658
1923
972
1788
4549
2211
2499
4809
4803
2783
3326
1941
2875
305
3346
1015
4107
4206
4384
4091
3691
4533
4273
3121
3967
3067
1365
2155
4493
684
1759
1744
4877
2839
2506
3281
724
4789
2633
2545
2918
3345
3877
460
974
4483
2265
2171
1899
2323
108
2381
3655
2092
1138
2481
2233
4246
1205
1209
4717
3165
2114
4857
4535
1321
55
3756
4586
1771
2398
1980
4049
1074
3360
4331
498
3776
1563
2343
1543
719
1022
489
4883
919
546
2468
3449
4601
3913
2153
2609
402
96
2085
1016
1698
874
35
1635
821
915
1761
4944
4076
1791
2086
1457
747
4794
1505
3882
4006
3368
920
4270
4704
4204
387
4884
1144
4630
4132
2646
64
2168
19
1219
1434
4214
3309
4667
1484
4472
4624
3311
634
3111
2066
342
1955
2185
1996
4232
4048
2816
4180
3987
1975
86
1587
3735
2973
241
1116
714
2286
2542
1911
1873
3448
1214
1021
3064
192
2952
1010
900
1005
285
4588
1936
88
184
3873
1900
2844
4959
471
3866
4439
3958
2985
3518
4714
3962
419
3656
912
82
3943
955
4900
1388
678
1554
4054
62
1895
2378
1192
3710
1044
4925
3402
887
3227
2021
1748
4035
487
1713
4956
4891
4652
1117
3808
2419
3279
1775
905
1254
4292
708
2465
3701
4595
1871
2091
3053
4060
2895
3385
335
2191
1521
3210
4193
259
3320
1835
2617
866
1094
1002
1602
239
2434
3527
4854
2038
1590
4716
4896
1142
2367
3059
3465
4022
1550
1984
2524
860
3244
4813
329
1337
2249
2513
3109
3744
1730
2488
1739
3420
4114
3325
193
1072
179
1436
617
504
2157
1049
4037
3606
273
3100
149
3319
3817
4615
351
2255
457
4002
989
1066
2354
1869
3933
299
2427
1847
3293
4025
2602
1881
2303
2577
668
618
439
2064
160
68
2479
697
356
899
2993
4508
3939
4743
1618
4057
2389
4218
1411
2438
3274
2500
2327
4046
4383
641
3399
2448
706
2906
509
4080
3254
703
4760
1497
2846
4565
2778
38
642
2283
4431
3405
2009
1425
4810
2847
3892
850
2812
2650
388
1697
1953
3136
612
4518
3232
2806
1129
315
3916
3496
2657
421
2760
1132
4947
506
2970
1612
467
1004
3031
4144
924
3918
941
2299
1633
3617
689
599
1513
3055
274
3167
3572
902
3018
4305
2179
4056
3700
661
1466
1854
152
881
1568
2826
3005
2654
2004
423
1235
4418
4878
4240
3228
702
3487
4082
1351
4488
3881
4992
3805
3619
3729
1985
1754
3362
2505
2133
1964
1093
3166
4592
4001
3268
1944
740
2989
4065
4912
58
4294
1523
4470
4711
1359
2833
3721
300
701
1692
1402
2836
464
841
40
1830
4945
3098
1519
2592
3147
3401
229
2974
4579
3489
2540
1230
4447
1607
4591
1522
4073
3669
2310
1569
2273
4399
3984
2161
303
2928
167
2753
4011
2804
1492
3959
2785
2396
4618
1478
2919
2158
553
1105
3616
2814
3145
2666
883
4318
2999
112
1493
4360
834
3590
4989
262
925
3957
2051
2492
3271
2702
2254
2056
1745
2564
3298
1699
2316
1313
2724
4718
2733
116
4643
798
4996
615
550
2764
1397
4950
4831
4145
4568
1292
1958
2251
117
463
1333
4910
2112
2320
1614
4527
3456
559
2144
2152
2307
520
2631
1301
3648
4655
1250
246
3539
2556
3204
3488
67
2537
232
1318
1707
1740
3569
2407
4784
1738
2194
3036
531
1248
2317
118
1342
973
4764
1650
2964
1390
4187
4121
3545
799
2145
4729
2177
4555
150
721
1352
3378
1613
560
2735
4666
401
4636
1963
1916
4469
4593
4567
4908
376
1106
2337
2240
1222
4215
350
592
2220
3686
1284
480
1885
4966
3280
680
1369
926
3171
4952
3785
2046
180
470
145
2377
209
2482
333
4224
3973
4864
3096
4707
3383
130
537
1515
3935
393
3342
59
231
2138
148
1068
4556
4159
4401
4421
2874
4116
4490
1560
4817
3290
4071
1047
2250
139
3041
2922
4093
2871
4853
637
4503
2501
4977
4007
477
2718
308
4915
914
3220
54
2652
1610
3661
2205
2557
2272
2400
3532
1110
2079
409
3702
3580
2182
3639
4728
1289
3201
3505
237
379
4542
4185
4534
3864
6
3322
1076
3782
1567
4563
3941
1802
4804
2744
2930
4310
3552
2773
3880
4918
3807
3316
1157
3283
2923
4296
1384
4759
294
2393
2840
4583
2957
3928
3870
295
4632
4646
4902
2575
3408
3528
4374
1527
381
3128
583
1344
2452
2115
1452
4222
1925
135
3912
4311
4933
3481
3769
14
2047
2443
756
1462
2436
2857
649
2837
1134
3234
3248
3025
2976
4822
4014
2683
3733
368
1296
2029
557
3663
3522
2731
4308
3475
3885
872
468
4443
777
3485
2077
2852
614
4400
2013
3842
3974
4656
1805
355
2787
4681
1398
366
4467
682
2461
2196
44
4737
282
4101
1054
1901
1218
2446
1081
3105
269
2665
4342
1682
2701
2118
1647
3778
1287
1619
797
2239
4433
4647
166
2509
950
1265
4210
4641
3999
2890
219
2576
1967
851
2580
3431
4698
4840
1986
1481
1178
3119
2624
1605
1839
238
3796
3305
3286
4746
4416
514
4755
1070
4047
2668
226
813
2643
4346
3461
3138
1593
3333
314
78
2219
4288
1500
2256
2072
2334
4317
3037
2142
2755
3000
2113
2559
3469
4721
2553
1385
1439
3932
4167
1852
2751
1489
1229
4703
2779
4248
245
4541
3688
2259
2807
3176
4574
741
643
3911
4150
26
929
3189
3146
2201
4511
4998
405
725
3746
4745
1664
785
795
906
4525
2686
2512
709
858
3620
667
3949
3646
1746
1435
3743
2817
3152
3054
3502
4380
1441
121
511
4405
608
1773
70
3836
2421
805
639
2
1224
4958
141
1638
3277
1031
1174
3065
2248
4316
3137
4100
769
1841
370
364
4722
1828
4151
4364
830
4390
738
1910
4507
4195
1536
2651
802
1408
1118
5000
278
1039
37
4654
3595
2641
2765
1314
2714
2417
815
225
265
4968
4349
4862
3202
466
4800
992
2435
3501
748
2126
1128
862
1438
968
3282
1348
1372
2597
2978
1247
3375
3668
61
4465
2966
674
4198
1541
3412
3719
2098
4954
2332
4209
2081
1139
80
2379
3124
94
3450
4119
3862
25
261
12
3992
4351
2175
310
4289
4136
1776
1503
4489
4441
4979
1062
4104
4233
4982
3876
3828
4863
4919
1584
1458
2717
1604
604
1970
1784
2552
828
3188
4881
3494
3512
2371
3677
328
3079
3455
4284
1995
134
499
4962
1418
656
3252
3476
3775
917
2632
2570
3760
3991
1059
253
517
4645
2943
3524
1978
1035
2135
3024
4547
742
2116
2636
3815
1765
2914
3313
1165
491
812
846
3968
2965
2357
847
2390
316
268
923
931
203
1564
102
3022
2720
1326
1848
371
4134
2125
4553
2865
2503
1078
790
951
173
803
222
4450
2896
4538
3906
1639
311
3750
2312
4027
4928
3321
1688
3827
1040
4111
2649
3471
482
2712
2582
4594
567
2027
3964
695
4509
3751
869
3784
3013
4500
2019
2151
1360
4679
1646
1896
1736
2037
4756
2282
3386
4609
1696
248
1089
32
292
2368
63
892
4670
392
949
1747
3276
4843
4811
2644
2776
4766
2811
1685
2897
3660
578
1299
175
2799
2044
4859
2685
1362
688
739
1538
1723
1710
4498
1401
2361
3902
3236
2229
2526
3219
383
2049
2213
2611
4231
4778
2464
909
572
794
4197
2232
4188
1176
4066
4680
1595
1310
819
570
1410
2664
4940
92
1085
85
2949
4780
3773
2124
4832
538
3936
4320
3418
843
507
4861
224
2938
4920
4807
844
445
1917
165
4802
1000
3328
4026
715
2905
4866
837
2603
1404
2045
987
1785
286
4368
1042
966
508
3681
2856
3937
2136
2634
3169
1529
2123
2931
1136
2805
1518
4540
91
3560
1514
2035
3632
4792
2901
1154
1510
4042
886
3724
774
2581
3441
2097
354
1617
3508
4868
2502
3203
761
2990
3578
1061
3464
2341
1821
3497
2588
4302
1286
2110
2315
2107
679
2190
4885
1948
1233
3289
1428
2859
97
169
4559
4596
1551
3115
4550
3597
2757
2454
3889
4178
1628
4155
1354
4201
199
2101
2011
4938
654
1668
4886
2534
552
1620
635
4611
3211
1262
1794
2561
2848
4350
775
707
1622
882
2457
34
4463
2726
4943
1742
4607
3231
4336
3605
4164
2716
76
573
1102
2032
4581
3989
3424
3150
1530
4482
2458
4638
3444
3338
3722
230
4606
1108
1971
532
2143
4701
2074
4801
4050
2016
2373
1868
3184
2944
1657
1295
1485
1827
43
4683
3498
343
312
4494
363
3559
205
4282
762
548
2425
1959
4058
3977
4385
1309
4432
3499
3629
629
95
2528
3841
412
768
46
4480
676
732
2276
2189
3556
2954
4819
842
3020
441
408
518
164
563
1758
2891
1945
4448
1034
1898
1249
2432
1532
1468
1173
2703
2881
206
4021
2451
3047
4113
2619
272
4378
4690
1200
1164
2801
3275
1844
683
2734
4873
4916
1932
4781
3377
4584
4612
3367
4761
598
2167
4874
646
4545
596
1256
486
3157
3381
3083
4435
4424
3026
2626
1122
266
1364
151
1525
3366
382
2197
2942
2184
3056
1517
4017
3838
4571
1036
3558
4957
1809
3820
3118
420
260
3127
1346
212
2469
3029
2983
2234
4088
4487
4453
2640
3312
1381
462
1475
1691
1095
4454
4179
1728
4287
1994
541
3942
2473
534
1694
2181
397
2223
2493
2723
90
1718
3826
1353
4355
3493
1255
3863
31
2117
3814
1653
555
3404
710
4770
3810
2747
3909
3709
1347
1860
3014
4904
2472
4965
1888
4694
3278
2798
4783
2002
4389
3934
3799
1762
2878
1866
2854
1043
1084
1675
895
3511
1715
3634
2040
346
4964
2612
1545
2449
1689
2403
313
4462
1196
1810
1732
256
1555
3344
2412
1829
2313
2048
223
1227
2289
2538
3027
1753
3800
1465
3554
254
3544
4634
1315
2585
636
2162
1822
1741
894
4622
3463
4162
3673
3860
4070
1327
1683
891
4613
1386
781
3830
322
2031
2242
2331
3341
2992
4623
72
472
4988
2475
2172
2131
3771
307
1240
1496
940
479
288
2968
4269
4176
4474
2447
2329
4557
903
1952
3393
128
1735
3388
764
4020
713
2975
3052
3106
1641
360
1055
575
2888
1783
2934
1355
2727
4990
853
2514
910
2821
2020
3394
2725
1195
2318
2810
13
780
1598
1311
4639
2601
2122
317
875
3071
2351
4069
24
2346
3788
2486
2551
3728
2093
4172
3819
3961
948
4786
1687
1637
3361
395
1090
197
4732
1502
1752
673
339
2349
4398
4905
2052
20
2790
1674
4460
171
4836
279
4765
2430
75
3074
4089
2830
2800
3092
4626
600
1989
1264
3406
4376
277
3284
717
4444
424
4625
2226
4382
2366
2530
3662
3944
73
1997
1965
4731
194
4697
1760
2319
2466
4689
3222
1121
4515
4685
1729
2823
1065
2531
3198
3574
879
2567
2997
1977
2698
3533
4234
4239
1316
2285
3117
3034
3480
1559
2700
1654
1236
4274
3504
1067
4471
3134
4083
47
3550
459
3618
3955
2738
4184
3781
648
4674
3787
3927
83
908
4163
1661
338
3951
2274
2684
4769
1416
619
298
2106
2442
935
57
3467
4485
3653
2267
2212
2648
776
1413
4871
4436
2322
3186
3919
1524
1714
3178
1281
778
3486
1058
1220
4903
1029
1290
4682
4191
1405
3478
3577
2311
3256
1361
2584
4357
4619
4849
2173
27
2555
2083
2907
3479
4127
3779
454
242
2336
3207
3950
3206
722
4143
994
694
2707
4723
2387
1069
922
2967
1508
2230
4510
1929
970
3076
2065
4702
3114
1445
2565
3766
2111
1511
3789
1874
378
384
1533
2959
2084
1487
4782
1976
2781
1472
1796
3811
4961
4517
4367
817
2375
1394
2202
2061
3790
1962
4420
4112
1430
3926
243
1817
2409
3080
2690
3581
2819
4000
4795
3802
4003
3185
2411
904
3687
4668
1387
1113
2678
613
4411
1334
3002
3443
3440
131
743
3576
3715
4452
2715
2420
651
3757
2925
1382
2216
98
2838
106
3897
2280
1183
4598
1045
3104
1870
2560
677
3294
2275
4762
2055
497
1114
2156
2795
281
2527
502
3168
2480
1308
2955
2252
2269
2392
4419
287
380
3240
3793
1143
3723
547
1155
4730
176
3835
494
4776
1204
4323
4926
2639
1645
2247
4564
3008
3061
3966
3625
1449
2418
1479
3225
4478
3698
3879
978
177
811
2165
4651
964
1324
3365
1217
3791
2780
3764
2497
1656
3979
2594
2073
4256
4434
942
3126
2003
4099
236
2893
4818
976
4216
659
140
2325
3795
2769
2243
1152
111
1819
3241
897
4838
4845
1826
4410
326
1210
1717
244
3978
4395
4713
2706
3683
2099
3638
2330
4377
4062
1834
1981
4117
3
2360
911
2638
622
2696
2129
1444
4495
4442
3772
1269
4492
4257
3825
3707
210
3217
3382
4893
4738
4330
1202
2858
4672
1151
2306
2060
1781
2535
2736
1099
3390
1357
963
4671
2761
806
399
2709
655
115
4505
4599
1379
728
3614
4512
2082
2326
664
4303
861
1243
1838
3675
4449
863
163
3651
4560
503
4391
2754
4304
2198
1234
3960
1011
221
2977
865
2033
953
375
3703
1799
4823
4075
4286
4815
3844
3690
4168
1777
1340
411
352
2300
1864
770
29
986
4939
1448
1582
2408
1371
4010
4029
1787
267
530
1147
1170
4768
3143
943
4696
587
2630
4621
3637
2583
3266
4604
1779
2808
2675
1231
2402
1153
1557
74
632
4664
3680
3748
2688
3340
81
2174
84
3711
1743
340
2404
1897
2385
403
1297
1273
154
609
3596
564
3253
873
3300
2669
611
3765
2539
107
4812
4196
3414
2246
916
2359
893
4898
398
4797
2549
1451
705
1197
3562
4847
2207
4379
3224
4135
3872
3642
377
389
3878
302
4171
3196
3647
4298
1737
1894
1486
4974
3270
2200
3072
2647
1782
730
3442
1876
3731
3613
2598
4466
4245
1307
3199
4865
347
4993
2910
372
3369
3837
4225
2900
208
4642
3890
675
4090
4417
2774
3674
4213
2141
3380
2692
4855
1367
4306
2342
4742
4544
3317
3684
3523
4036
4867
2281
3090
1414
938
3641
601
796
3649
4081
2728
4280
4719
4932
1161
3045
3678
3273
4841
4923
4194
3633
4414
3329
4283
4929
1339
4353
624
658
1600
4299
3843
3549
1263
2006
4253
4833
348
2424
4333
2298
4211
456
2950
2883
4086
1446
2520
4955
3125
195
1935
1060
187
1120
4039
3306
1432
771
4658
4526
452
2746
1727
2270
3627
4156
3348
2590
438
4118
4973
3737
4673
2536
1672
3129
478
1928
2478
1621
4580
4018
1191
2589
1552
527
4648
2214
4352
2257
1662
1300
240
1271
3667
3159
3948
681
2908
3636
4219
1509
1872
3693
2566
2186
848
2767
1766
4660
138
2221
4109
652
2579
215
2920
2721
3409
2845
3087
606
4631
1228
344
2742
4875
2450
283
2363
3993
1498
1350
1786
2673
484
103
1455
603
2818
1789
4249
3587
251
309
4078
4589
2278
2995
4669
110
3374
2294
2940
3452
1079
1393
2663
2909
1586
1695
2921
3161
4753
877
3516
4970
898
3768
1902
2741
594
3953
2752
4055
726
2057
1294
157
4773
1764
657
4324
1149
2302
4236
1145
4951
3250
700
3141
1825
568
542
1370
284
1576
628
4397
2600
394
1471
3108
720
1851
4851
4153
3179
2687
1934
1862
4566
3946
2088
4009
4408
2623
3594
4217
3387
4170
2809
4741
410
824
2036
4751
3019
1335
440
1461
623
1845
198
3792
4386
1375
3162
2018
2667
2394
2573
4281
233
1349
896
4570
2533
3132
3097
3570
1903
2338
2423
1389
4499
1433
4936
23
2946
4371
3517
2766
1853
1592
2208
1124
1578
1914
3745
1499
540
1547
4228
1159
319
2695
119
1526
1772
2203
2305
5
1162
1942
3526
3107
3583
3923
3874
4543
3430
1558
1395
235
1171
2218
1836
158
442
3676
3001
1667
1199
1705
913
991
3154
962
2864
3976
1304
2147
3586
4023
3303
3823
4404
3296
2607
3697
696
3852
4074
1891
1423
3459
146
1537
2763
469
2554
3893
3856
4033
2287
4880
2374
3626
3335
325
569
3599
4960
2615
1406
433
3028
3139
2170
1883
1750
4108
2490
4627
4475
49
1875
321
2894
3458
4354
3821
3917
2422
2916
2017
2749
3011
3540
3379
4251
820
2522
3223
3813
2777
4602
1659
1733
985
1048
545
4516
432
4876
3824
4805
1998
810
958
998
4479
214
3695
4034
1006
1140
627
404
2340
4931
1865
3940
4160
4687
2120
3354
4573
2824
3519
4259
3706
334
2782
660
2762
2637
306
2039
2670
1172
4705
1701
1572
3419
1474
276
3747
93
2413
3331
1832
746
132
4373
2102
1033
3334
1908
512
2693
4190
930
804
77
3659
3869
1756
3148
1341
1483
1013
3551
753
605
2963
4850
4255
3871
191
1506
1135
3216
3209
566
3804
2947
3848
4934
3017
2192
3985
2792
4844
3682
1456
359
357
2160
4484
1774
1648
3568
838
3466
3612
4123
500
1904
2456
1463
3264
1216
87
4699
1561
2415
1719
1168
3010
1330
588
4675
3630
3299
1949
2915
4365
2350
1623
3288
1226
4987
2455
4617
4124
4343
1603
4425
4706
2187
327
755
4019
4899
4247
51
4457
1931
1077
4337
3930
4640
2730
1626
2903
3853
3191
876
2849
4907
975
332
4585
1476
386
852
2109
2625
1421
3981
2405
3075
1815
4440
871
3214
2547
2146
1624
3726
4582
2708
4096
809
4816
4750
476
1257
2263
4409
2796
3894
3376
1180
4393
1032
4427
4301
4372
2829
1609
3324
3021
4437
1892
1071
574
3829
772
2803
1450
2028
2889
4202
1282
220
3857
1175
2433
1279
513
4321
2951
2962
1470
979
4272
1130
1982
4312
984
1092
2586
4264
4922
448
3995
2344
4137
814
189
3938
2301
3515
3205
3956
1477
4
3623
2204
1285
2713
291
3730
4254
2541
829
2994
4032
1722
3122
2236
3265
3530
2680
2834
2571
749
2209
3110
4260
3963
1338
4829
3725
2134
1291
2927
2277
3350
4422
252
3740
4519
4258
1103
3043
52
290
4326
2410
4015
849
1751
2258
4733
3899
3491
1991
1833
2656
4244
2898
4192
691
699
3212
2618
3357
1808
429
488
1237
2961
4909
3272
3255
4975
41
954
1158
4012
712
453
3263
4551
519
1693
589
1037
4895
1757
2476
4429
4997
323
4921
3525
2022
4978
1378
1495
522
3571
4927
1580
18
3541
3801
4757
610
933
2353
3925
4175
1837
2108
162
3337
4238
373
4152
2266
2222
3604
3607
3500
597
1849
2291
1041
760
4008
1107
3314
4771
1798
216
671
3774
60
1088
663
536
3187
3308
4775
758
515
3482
1223
2729
2532
1201
293
1795
3920
1843
4087
3996
3304
4986
1052
3997
3356
3603
4262
2244
2080
1712
4715
501
4338
3483
4628
3093
1990
1940
1642
1951
1213
2139
123
1238
1179
3783
1358
4496
1611
2010
1278
3770
1768
1261
4848
1979
2069
3429
3039
1726
2437
1999
2399
4779
4328
818
1328
3173
2345
362
3657
867
690
4200
4464
4846
1325
2262
932
3739
1211
3035
4897
4147
2324
1700
4860
2850
1023
4661
3759
3573
2429
50
581
1666
1277
99
1212
2987
3602
3432
2095
2750
857
3332
22
1907
2333
2866
2023
391
1629
3543
2606
736
2662
3351